Mean: 249.77621989860583
Median: 249.0
Mode: [94.0]
Variance: 21117.277473163307
Standard Deviation: 145.3178498091797
Execution Time: 0.01218 seconds
